16 14 7 33 7 10
16 14 7 33 7 10
16 13 10 36 7 8
16 12 10 37 8 8
17 12 10 37 8 9
17 12 10 36 8 9
17 12 10 36 8 9
17 12 10 37 8 8
17 12 9 37 8 10
16 12 8 35 8 11
16 12 8 35 8 11
16 12 8 36 8 11
16 12 8 35 8 11
16 12 8 35 8 11
16 12 8 35 8 11
16 12 8 35 8 11
15 12 7 33 8 11
15 12 7 33 8 11
15 12 7 33 8 11
15 12 7 34 8 10
15 12 8 34 9 9
15 12 8 34 9 9
15 12 8 34 9 7
15 12 9 34 9 6
15 12 8 34 8 8
16 11 8 33 9 8
16 11 8 32 9 7
16 11 8 32 9 9
15 11 8 33 9 8
16 11 8 32 9 8
17 11 8 31 9 9
17 11 8 32 9 9
16 11 9 33 9 7
16 11 9 32 9 7
16 11 8 32 9 7
16 11 8 32 9 7
16 11 9 33 9 6
16 11 9 33 9 6
16 11 9 32 9 7
16 12 9 34 9 7
16 12 9 34 9 7
17 12 9 34 8 8
18 12 10 36 9 7
17 12 10 36 9 6
18 12 10 35 9 7
18 12 10 36 9 7
18 12 10 36 9 7
17 12 11 36 10 6
17 12 11 36 10 6
17 12 11 36 10 6
17 12 11 35 10 6
18 12 11 36 10 6
18 12 9 36 9 8
18 12 9 35 9 8
18 12 9 35 9 8
17 12 9 34 9 8
17 12 9 34 9 8
17 12 9 34 9 8
17 12 9 34 9 8
17 12 9 34 9 8
17 12 10 34 9 7
17 12 10 35 9 7
17 12 10 34 9 7
17 12 10 33 9 7
17 12 10 33 9 7
17 12 10 33 9 7
17 12 10 33 9 7
17 12 11 32 10 6
17 12 11 32 10 6
17 12 11 32 10 6
17 12 11 33 10 6
16 12 11 34 10 6
17 12 10 35 9 7
17 12 10 35 9 7
17 12 10 35 9 7
16 12 11 35 10 5
17 12 11 35 10 7
17 12 11 35 10 7
17 12 10 35 10 8
17 12 11 35 10 7
17 12 11 36 10 7
17 12 11 36 10 7
17 12 11 37 10 7
17 12 11 37 9 6
18 12 10 37 9 8
18 12 11 37 10 7
18 12 11 37 10 6
18 12 11 37 9 6
18 12 11 36 9 6
17 12 11 36 10 6
18 11 11 34 10 6
17 12 10 35 9 7
18 12 9 33 9 8
17 12 11 37 10 6
18 12 11 35 10 6
18 12 11 36 10 6
18 12 11 37 10 6
17 12 11 37 10 6
18 12 10 36 9 7
18 12 10 34 9 7
17 12 10 35 9 7
17 12 10 34 9 7
17 12 10 34 9 7
16 12 10 35 10 7
17 12 10 34 10 7
17 11 10 34 11 7
17 12 10 34 10 7
17 12 10 34 10 7
17 12 10 34 10 7
17 11 10 34 11 7
18 11 10 36 11 7
18 12 9 34 11 8
17 12 8 36 9 9
17 12 9 37 10 8
17 12 9 37 10 7
17 12 9 38 10 8
17 12 10 38 10 7
19 12 10 36 11 7
18 12 10 37 11 7
18 12 10 37 13 7
16 12 10 37 12 7
18 12 11 38 13 6
18 11 11 38 13 5
18 11 10 37 11 8
18 12 10 35 10 8
18 11 10 35 11 8
18 11 10 35 11 8
18 11 10 35 11 8
18 12 10 35 10 8
18 11 10 35 11 8
18 11 10 35 10 8
18 11 9 34 11 9
18 12 9 33 10 9
18 12 9 34 10 9
18 12 9 34 10 9
18 12 9 34 10 9
18 12 9 32 10 9
17 12 10 32 10 8
17 12 11 33 10 8
17 12 11 34 11 8
17 12 11 34 11 7
17 12 11 34 11 7
18 12 11 34 13 8
18 12 11 35 13 8
19 12 11 35 13 9
19 12 11 34 13 9
19 12 11 33 12 9
19 12 12 34 13 8
19 12 11 34 12 9
19 12 11 32 14 9
19 12 10 32 13 10
18 12 10 32 12 9
18 12 10 33 11 9
18 12 9 33 9 10
19 12 10 32 11 11
19 12 11 34 10 10
18 12 10 34 10 10
18 12 10 34 10 10
18 12 10 34 10 10
18 12 11 33 11 9
18 12 11 33 10 9
17 12 11 32 11 8
17 12 10 30 11 10
17 12 10 32 11 10
17 12 10 32 11 10
17 12 10 34 11 10
17 12 10 33 11 9
17 12 10 33 11 10
17 12 10 33 11 10
17 11 10 33 12 9
17 12 10 33 11 10
18 12 11 34 12 9
18 12 10 33 10 9
18 12 11 34 11 9
18 11 11 34 12 8
18 11 11 33 13 8
18 11 11 33 13 8
18 11 11 33 13 8
18 11 11 34 13 7
19 11 11 33 13 9
19 11 11 33 13 9
18 11 11 34 14 8
19 12 12 33 14 9
19 12 12 33 14 9
19 11 12 33 15 8
19 12 11 34 13 10
19 12 11 33 12 10
19 12 10 31 13 11
19 12 11 32 14 10
19 12 11 32 14 10
19 12 11 32 14 10
20 11 11 30 14 10
20 11 11 30 13 10
20 11 11 30 13 10
20 11 11 29 13 10
20 11 10 29 13 11
20 11 10 30 13 11
21 12 10 32 13 11
21 11 11 30 13 10
20 12 12 32 13 9
20 12 11 32 11 10
20 11 12 32 13 9
21 11 12 31 13 9
20 10 12 30 13 8
21 10 11 29 13 10
21 10 10 28 12 11
22 10 10 30 12 12
22 10 10 30 12 12
22 10 10 31 12 12
22 10 10 31 12 12
